,0,1,0,0,1,0,0,1,1,1,1,1,0,1,1,1,1,1,0,1,1,1,1,1,1,0,1,1,1,1,0,1,1,0,1,1,0,0,0,1,1,1,1,1,1,1,0,1,1,1,1,1,1,1,1,1,1,1,1,1,1,1,0,1,1,1,1,1,1,1,1,1,0,1,1,1,0,1,0,1,1,1,1,1,1,1,1,1,1,1,1,1,1,1,1,1,1,1,1,1,1,1,1,1,1,1,1,1,1,1,1,1,1,1,1,1,1,1,1,1,1,1,1,1,1,1,1,1,1,1,1,1,1,1,1,1,1,1,1,1,1,1,1,1,1,1,1,1,0
,1,2,3,4,5,6,7,8,9,10,11,12,13,14,15,16,17,18,19,20,21,22,23,24,25,26,27,28,29,30,31,32,33,34,35,36,37,38,39,40,41,42,43,44,45,46,47,48,49,50,51,52,53,54,55,56,57,58,59,60,61,62,63,64,65,66,67,68,69,70,71,72,73,74,75,76,77,78,79,80,81,82,83,84,85,86,87,88,89,90,91,92,93,94,95,96,97,98,99,100,101,102,103,104,105,106,107,108,109,110,111,112,113,114,115,116,117,118,119,120,121,122,123,124,125,126,127,128,129,130,131,132,133,134,135,136,137,138,139,140,141,142,143,144,145,146,147,148,149
1,0,0,0,0,0,0,0,0,0,0,0,0,0,0,0,0,0,0,0,0,0,0,0,0,0,0,0,0,0,0,0,0,0,0,0,0,0,0,0,0,0,0,0,0,0,0,0,0,0,0,0,0,0,0,0,0,0,0,0,0,0,0,0,0,0,0,0,0,0,0,0,0,0,0,0,0,0,0,0,0,0,0,0,0,0,0,0,0,0,0,0,0,0,0,0,0,0,0,0,0,0,0,0,0,0,0,0,0,0,0,0,0,0,0,0,0,0,0,0,0,0,0,0,0,0,0,0,0,0,0,0,0,0,0,0,0,0,0,0,0,0,0,0,0,0,0,0,0,0
2,0,1,0,0,0.825739942,0,0,0.298118197,-0.010313192,0.298118197,-0.213569339,0.002781231,0,-0.010313192,-0.213569339,-0.010313192,0.685639421,0.674309175,0,0.500763341,-0.055349689,0.729481819,0.08265219,0.998326302,-0.126204204,0,0.966455786,-0.092509507,-0.063455529,0.174316677,0,-0.012636147,0.033116747,0,-0.012636147,-0.016709257,0,0,0,0.031595979,-0.012636147,-0.016709257,0.174247625,-0.016709257,-0.712491044,-0.019836183,0,-0.016709257,0.222858782,0.222858782,-0.016709257,0.129046503,-0.00485957,-0.000999956,0.145325287,-0.004522582,0.002486621,0.032995923,0.002486621,-0.015827768,-0.008066247,-0.008066247,0,-0.012636147,-0.005588251,0.002486621,0.381826167,-0.232781968,0.067905897,-0.016709257,-0.005588251,-0.051885619,0,0.480024107,-0.043315414,-0.495021677,0,0.147187496,0,0.080147255,0.136283615,0.164062514,-0.011670106,0.246250416,-0.019836183,-0.056911155,0.575551612,0.517852816,0.233031747,0.517852816,0.402036218,0.097680319,0.532218316,0.328860266,0.472015464,0.367675271,0.063456152,0.472015464,0.510429337,0.122600762,-0.00485957,0.185896056,0.185896056,-0.004313362,0.229325787,0.405271481,-0.08448274,0.123554675,-0.08448274,0.564116186,-0.03662388,0.051254962,-0.286538484,0.34463335,0.040511284,-0.286538484,0.032007101,0.010294032,0.002781231,0.067898523,0.359588996,0.076597172,0.387767683,0.503206593,0.462748168,0.251670026,0.410621288,0.169235663,0.984623067,0.182364859,0.275835999,0.649785197,0.322735773,0.292323343,-0.055133452,0.55554435,0.492889529,-0.021415893,0.206358818,0.278161757,0.181299281,0.289771944,0.242172243,0.225356006,0.29472667,0.472806293,0.200581586,0.313643002,0
3,0,0,0,0,0,0,0,0,0,0,0,0,0,0,0,0,0,0,0,0,0,0,0,0,0,0,0,0,0,0,0,0,0,0,0,0,0,0,0,0,0,0,0,0,0,0,0,0,0,0,0,0,0,0,0,0,0,0,0,0,0,0,0,0,0,0,0,0,0,0,0,0,0,0,0,0,0,0,0,0,0,0,0,0,0,0,0,0,0,0,0,0,0,0,0,0,0,0,0,0,0,0,0,0,0,0,0,0,0,0,0,0,0,0,0,0,0,0,0,0,0,0,0,0,0,0,0,0,0,0,0,0,0,0,0,0,0,0,0,0,0,0,0,0,0,0,0,0,0
4,0,0,0,0,0,0,0,0,0,0,0,0,0,0,0,0,0,0,0,0,0,0,0,0,0,0,0,0,0,0,0,0,0,0,0,0,0,0,0,0,0,0,0,0,0,0,0,0,0,0,0,0,0,0,0,0,0,0,0,0,0,0,0,0,0,0,0,0,0,0,0,0,0,0,0,0,0,0,0,0,0,0,0,0,0,0,0,0,0,0,0,0,0,0,0,0,0,0,0,0,0,0,0,0,0,0,0,0,0,0,0,0,0,0,0,0,0,0,0,0,0,0,0,0,0,0,0,0,0,0,0,0,0,0,0,0,0,0,0,0,0,0,0,0,0,0,0,0,0
5,0,0.825739942,0,0,1,0,0,0.784571133,-0.00841399,0.784571133,0.374588702,-0.004253114,0,-0.00841399,0.374588702,-0.00841399,0.537969857,0.489600415,0,0.364830005,-0.037680261,0.539091495,0.060255282,0.816038895,0.050689572,0,0.739703468,-0.070256098,-0.052212196,0.134047317,0,-0.01200915,0.018056771,0,-0.01200915,-0.013236206,0,0,0,0.019147781,-0.01200915,-0.013236206,0.123460972,-0.013236206,-0.192978434,-0.01518468,0,-0.013236206,0.163750616,0.163750616,-0.013236206,0.107096202,-0.004246308,-0.011258616,0.100147131,-0.004990746,0.000295921,0.020024423,0.000295921,-0.014401471,-0.014257313,-0.014257313,0,-0.01200915,-0.005849756,0.000295921,0.277965281,0.353429182,0.050081174,-0.013236206,-0.005849756,-0.046590411,0,0.350882887,-0.032329254,0.005214177,0,0.150012511,0,0.056750355,0.093615276,0.120160008,-0.007026767,0.18021799,-0.01518468,-0.05074396,0.428725717,0.378652875,0.172896246,0.378652875,0.293633993,0.070771329,0.390165429,0.247770112,0.348556288,0.266689863,0.044391117,0.348556288,0.399387214,0.079999499,-0.004246308,0.1379267,0.1379267,-0.003803799,0.162272275,0.29637186,-0.063766729,0.082296448,-0.063766729,0.440090437,-0.026264973,0.036463938,0.017802513,0.80955347,0.131899358,0.017802513,0.029007727,0.011048167,-0.004253114,0.046978187,0.326257639,0.068547994,0.44857924,0.368809939,0.395854483,0.202658811,0.330782644,0.146867407,0.792878836,0.139370924,0.214616956,0.519003635,0.241806949,0.218955595,-0.041536616,0.404406262,0.62531922,-0.022065006,0.16517713,0.260707809,0.208549722,0.266357097,0.193931497,0.188986917,0.298282967,0.34832779,0.154195022,0.235215652,0
6,0,0,0,0,0,0,0,0,0,0,0,0,0,0,0,0,0,0,0,0,0,0,0,0,0,0,0,0,0,0,0,0,0,0,0,0,0,0,0,0,0,0,0,0,0,0,0,0,0,0,0,0,0,0,0,0,0,0,0,0,0,0,0,0,0,0,0,0,0,0,0,0,0,0,0,0,0,0,0,0,0,0,0,0,0,0,0,0,0,0,0,0,0,0,0,0,0,0,0,0,0,0,0,0,0,0,0,0,0,0,0,0,0,0,0,0,0,0,0,0,0,0,0,0,0,0,0,0,0,0,0,0,0,0,0,0,0,0,0,0,0,0,0,0,0,0,0,0,0
7,0,0,0,0,0,0,0,0,0,0,0,0,0,0,0,0,0,0,0,0,0,0,0,0,0,0,0,0,0,0,0,0,0,0,0,0,0,0,0,0,0,0,0,0,0,0,0,0,0,0,0,0,0,0,0,0,0,0,0,0,0,0,0,0,0,0,0,0,0,0,0,0,0,0,0,0,0,0,0,0,0,0,0,0,0,0,0,0,0,0,0,0,0,0,0,0,0,0,0,0,0,0,0,0,0,0,0,0,0,0,0,0,0,0,0,0,0,0,0,0,0,0,0,0,0,0,0,0,0,0,0,0,0,0,0,0,0,0,0,0,0,0,0,0,0,0,0,0,0
8,0,0.298118197,0,0,0.784571133,0,0,1,-0.002901897,1,0.868675053,-0.010254732,0,-0.002901897,0.868675053,-0.002901897,0.15669638,0.087296911,0,0.066923194,-0.002921624,0.110400297,0.011112197,0.283541194,0.224511909,0,0.189394712,-0.017200562,-0.018603215,0.035225432,0,-0.006432361,-0.005846913,0,-0.006432361,-0.004031468,0,0,0,-0.002328908,-0.006432361,-0.004031468,0.017386338,-0.004031468,0.456640612,-0.003891514,0,-0.004031468,0.032131152,0.032131152,-0.004031468,0.039380455,-0.001843985,-0.017953453,0.009726103,-0.003474215,-0.002232664,-0.00238429,-0.002232664,-0.006972402,-0.015260379,-0.015260379,0,-0.006432361,-0.00375645,-0.002232664,0.050667164,0.853987022,0.010104828,-0.004031468,-0.00375645,-0.021807955,0,0.066118661,-0.007095051,0.552981433,0,0.092064945,0,0.007934475,0.008611563,0.02299629,0.000937267,0.034284973,-0.003891514,-0.023312526,0.092840489,0.0715295,0.036425332,0.0715295,0.054966817,0.012388408,0.075220476,0.057791967,0.070985,0.047141583,0.005367119,0.070985,0.114778022,0.00061095,-0.001843985,0.02906166,0.02906166,-0.001695565,0.022520473,0.056043644,-0.015042277,0.003449419,-0.015042277,0.124643219,-0.004188362,0.005364442,0.345107077,0.991144707,0.178677434,0.345107077,0.013904896,0.007380707,-0.010254732,0.004861829,0.156835511,0.031801778,0.332861489,0.070972564,0.161213683,0.066303434,0.108395294,0.062505895,0.259411446,0.035387387,0.059975201,0.164013454,0.054433071,0.049193487,-0.009685334,0.07367849,0.516397731,-0.013798402,0.052682959,0.135416948,0.153628227,0.132214476,0.061974959,0.072092796,0.180795268,0.069728991,0.040448902,0.053274111,0
9,0,-0.010313192,0,0,-0.00841399,0,0,-0.002901897,1,-0.002901897,0.003318079,-0.001007329,0,1,0.003318079,1,-0.015232556,-0.008668549,0,-0.006998104,-0.001366353,-0.004707377,-0.00315297,0.016225366,-0.000732569,0,-0.017224163,-0.004869285,-0.004068837,0.980791116,0,-0.001429954,-0.001249913,0,-0.001429954,-0.002207037,0,0,0,-0.003420012,-0.001429954,-0.002207037,-0.002670305,-0.002207037,0.00916086,-0.00058269,0,-0.002207037,-0.000292927,-0.000292927,-0.002207037,-0.002583745,-0.000483947,-0.002288578,0.004424569,-0.002713119,-0.069989833,-0.001837033,-0.069989833,-0.001451058,-0.002028458,-0.002028458,0,-0.001429954,0.669307472,-0.069989833,-0.011005055,0.003909638,0.00268438,-0.002207037,0.669307472,-0.000843549,0,-0.007763609,-0.000735029,0.01919498,0,0.012656331,0,-0.001954871,-0.003251746,0.001578392,0.015840101,-0.000217225,-0.00058269,-0.001458451,-0.001074267,0.004635961,0.029806263,0.004635961,-0.005949792,-0.001987652,-0.008387827,0.024032744,0.017453204,-0.005463922,-0.00339316,0.017453204,0.109844059,-0.003847295,-0.000483947,-0.001324935,-0.001324935,-0.000955834,-0.003254599,-0.005257557,-0.002083653,-0.00255184,-0.002083653,-0.009992444,-0.000308727,-0.002399549,0.025335741,0.00562817,0.134744934,0.025335741,-0.000301337,0.025068106,-0.001007329,-0.000233133,0.107624613,0.00227875,-0.011016569,0.010049345,0.107701361,0.776509065,0.063787128,0.004603188,0.02462512,0.015608539,-0.004375608,-0.007313292,0.031786262,0.028683503,-0.002721933,-0.004086712,-0.052776693,0.02513657,0.048150721,0.195359476,0.104459368,0.195050009,0.052767326,0.055659879,0.092787195,0.015180134,0.033829045,0.086940663,0
10,0,0.298118197,0,0,0.784571133,0,0,1,-0.002901897,1,0.868675053,-0.010254732,0,-0.002901897,0.868675053,-0.002901897,0.15669638,0.087296911,0,0.066923194,-0.002921624,0.110400297,0.011112197,0.283541194,0.224511909,0,0.189394712,-0.017200562,-0.018603215,0.035225432,0,-0.006432361,-0.005846913,0,-0.006432361,-0.004031468,0,0,0,-0.002328908,-0.006432361,-0.004031468,0.017386338,-0.004031468,0.456640612,-0.003891514,0,-0.004031468,0.032131152,0.032131152,-0.004031468,0.039380455,-0.001843985,-0.017953453,0.009726103,-0.003474215,-0.002232664,-0.00238429,-0.002232664,-0.006972402,-0.015260379,-0.015260379,0,-0.006432361,-0.00375645,-0.002232664,0.050667164,0.853987022,0.010104828,-0.004031468,-0.00375645,-0.021807955,0,0.066118661,-0.007095051,0.552981433,0,0.092064945,0,0.007934475,0.008611563,0.02299629,0.000937267,0.034284973,-0.003891514,-0.023312526,0.092840489,0.0715295,0.036425332,0.0715295,0.054966817,0.012388408,0.075220476,0.057791967,0.070985,0.047141583,0.005367119,0.070985,0.114778022,0.00061095,-0.001843985,0.02906166,0.02906166,-0.001695565,0.022520473,0.056043644,-0.015042277,0.003449419,-0.015042277,0.124643219,-0.004188362,0.005364442,0.345107077,0.991144707,0.178677434,0.345107077,0.013904896,0.007380707,-0.010254732,0.004861829,0.156835511,0.031801778,0.332861489,0.070972564,0.161213683,0.066303434,0.108395294,0.062505895,0.259411446,0.035387387,0.059975201,0.164013454,0.054433071,0.049193487,-0.009685334,0.07367849,0.516397731,-0.013798402,0.052682959,0.135416948,0.153628227,0.132214476,0.061974959,0.072092796,0.180795268,0.069728991,0.040448902,0.053274111,0
11,0,-0.213569339,0,0,0.374588702,0,0,0.868675053,0.003318079,0.868675053,1,-0.0004879,0,0.003318079,1,0.003318079,-0.186848255,-0.251635524,0,-0.182802874,0.042195953,-0.256125311,-0.023563839,-0.227002764,0.310226063,0,-0.304590635,0.032661582,0.022715826,-0.052636492,0,0.005630089,-0.0114366,0,0.005630089,0.005795981,0,0,0,-0.012125962,0.005630089,0.005795981,-0.059673882,0.005795981,0.837389817,0.00715233,0,0.005795981,-0.08113583,-0.08113583,0.005795981,-0.014791308,0.001568128,-0.001480711,-0.053725797,0.000282974,9.91E-06,-0.009211287,9.91E-06,0.006685717,0.000500963,0.000500963,0,0.005630089,0.002401167,9.91E-06,-0.142025335,0.99627542,-0.022242236,0.005795981,0.002401167,0.01688381,0,-0.177072582,0.015908159,0.830678711,0,0.02617064,0,-0.022270086,-0.049924939,-0.061670171,0.012149904,-0.091718502,0.00715233,0.017546886,-0.191560764,-0.187242295,-0.071254045,-0.187242295,-0.144356867,-0.035683928,-0.191866853,-0.103166537,-0.161989526,-0.134006846,-0.023407715,-0.161989526,-0.141406933,-0.048136571,0.001568128,-0.066771655,-0.066771655,0.001534836,-0.083054228,-0.144589225,0.030986524,-0.044319015,0.030986524,-0.15664128,0.026942945,-0.01803295,0.512528492,0.836896067,0.176918617,0.512528492,2.77E-05,0.003950736,-0.0004879,-0.017730232,-0.012356215,0.007196857,0.152983035,-0.181302527,-0.061474613,-0.059935471,-0.098794989,-0.012254388,-0.243035544,-0.048079489,-0.07093813,-0.159255145,-0.103884581,-0.093716716,0.02176619,-0.200568372,0.280146564,0.008997091,-0.041202506,0.003237326,0.077091092,-0.006123347,-0.050315909,-0.03713817,0.047071055,-0.162404806,-0.06057848,-0.096880443,0
12,0,0.002781231,0,0,-0.004253114,0,0,-0.010254732,-0.001007329,-0.010254732,-0.0004879,1,0,-0.001007329,-0.0004879,-0.001007329,-0.002065208,0.038962908,0,-0.057345585,0.663398839,0.126456303,0.919485364,0.03485311,0.356409328,0,0.010685723,0.116786827,0.714041417,0.0379816,0,-0.00416689,0.998266123,0,-0.00416689,-0.003271637,0,0,0,-0.021702433,-0.00416689,-0.003271637,0.042657563,-0.003271637,0.010438885,-0.006228604,0,-0.003271637,-0.136970441,-0.136970441,-0.003271637,-0.05635237,0.007046064,0.531993191,-0.057129302,0.005070628,-0.00157592,0.988919621,-0.00157592,-0.003723928,-0.012446654,-0.012446654,0,-0.00416689,-0.001900489,-0.00157592,-0.122907235,0.036688093,0.057804668,-0.003271637,-0.001900489,0.034220599,0,-0.08440794,-0.027101535,0.312081811,0,-0.065656945,0,0.941422816,-0.050231427,-0.208938977,-0.02812152,-0.193897641,-0.006228604,0.000451765,0.210410277,0.031463529,0.967453424,0.031463529,-0.097045836,-0.015468955,0.084788659,-0.038107364,-0.017035958,0.022387455,0.013524563,-0.017035958,-0.064397667,0.304646762,0.007046064,-0.223357826,-0.223357826,-0.044681909,0.04586277,0.024988685,0.084747576,0.849111666,0.084747576,0.037571596,0.013090798,0.052311374,0.584856683,-0.024231844,0.285719947,0.584856683,0.013660343,0.049934947,1,0.986195761,0.343418897,0.931430755,0.199546734,-0.08943291,0.286071638,-0.068640895,-0.107539018,0.316798578,0.028146898,0.023168284,-0.061953212,0.020932149,0.029773566,0.020412253,0.091878436,0.230721287,0.307405722,0.000555184,-0.005206604,0.06313543,0.184091905,0.050409087,0.00754836,0.040526728,0.34971252,0.060863905,0.043649841,0.154350929,0
13,0,0,0,0,0,0,0,0,0,0,0,0,0,0,0,0,0,0,0,0,0,0,0,0,0,0,0,0,0,0,0,0,0,0,0,0,0,0,0,0,0,0,0,0,0,0,0,0,0,0,0,0,0,0,0,0,0,0,0,0,0,0,0,0,0,0,0,0,0,0,0,0,0,0,0,0,0,0,0,0,0,0,0,0,0,0,0,0,0,0,0,0,0,0,0,0,0,0,0,0,0,0,0,0,0,0,0,0,0,0,0,0,0,0,0,0,0,0,0,0,0,0,0,0,0,0,0,0,0,0,0,0,0,0,0,0,0,0,0,0,0,0,0,0,0,0,0,0,0
14,0,-0.010313192,0,0,-0.00841399,0,0,-0.002901897,1,-0.002901897,0.003318079,-0.001007329,0,1,0.003318079,1,-0.015232556,-0.008668549,0,-0.006998104,-0.001366353,-0.004707377,-0.00315297,0.016225366,-0.000732569,0,-0.017224163,-0.004869285,-0.004068837,0.980791116,0,-0.001429954,-0.001249913,0,-0.001429954,-0.002207037,0,0,0,-0.003420012,-0.001429954,-0.002207037,-0.002670305,-0.002207037,0.00916086,-0.00058269,0,-0.002207037,-0.000292927,-0.000292927,-0.002207037,-0.002583745,-0.000483947,-0.002288578,0.004424569,-0.002713119,-0.069989833,-0.001837033,-0.069989833,-0.001451058,-0.002028458,-0.002028458,0,-0.001429954,0.669307472,-0.069989833,-0.011005055,0.003909638,0.00268438,-0.002207037,0.669307472,-0.000843549,0,-0.007763609,-0.000735029,0.01919498,0,0.012656331,0,-0.001954871,-0.003251746,0.001578392,0.015840101,-0.000217225,-0.00058269,-0.001458451,-0.001074267,0.004635961,0.029806263,0.004635961,-0.005949792,-0.001987652,-0.008387827,0.024032744,0.017453204,-0.005463922,-0.00339316,0.017453204,0.109844059,-0.003847295,-0.000483947,-0.001324935,-0.001324935,-0.000955834,-0.003254599,-0.005257557,-0.002083653,-0.00255184,-0.002083653,-0.009992444,-0.000308727,-0.002399549,0.025335741,0.00562817,0.134744934,0.025335741,-0.000301337,0.025068106,-0.001007329,-0.000233133,0.107624613,0.00227875,-0.011016569,0.010049345,0.107701361,0.776509065,0.063787128,0.004603188,0.02462512,0.015608539,-0.004375608,-0.007313292,0.031786262,0.028683503,-0.002721933,-0.004086712,-0.052776693,0.02513657,0.048150721,0.195359476,0.104459368,0.195050009,0.052767326,0.055659879,0.092787195,0.015180134,0.033829045,0.086940663,0
15,0,-0.213569339,0,0,0.374588702,0,0,0.868675053,0.003318079,0.868675053,1,-0.0004879,0,0.003318079,1,0.003318079,-0.186848255,-0.251635524,0,-0.182802874,0.042195953,-0.256125311,-0.023563839,-0.227002764,0.310226063,0,-0.304590635,0.032661582,0.022715826,-0.052636492,0,0.005630089,-0.0114366,0,0.005630089,0.005795981,0,0,0,-0.012125962,0.005630089,0.005795981,-0.059673882,0.005795981,0.837389817,0.00715233,0,0.005795981,-0.08113583,-0.08113583,0.005795981,-0.014791308,0.001568128,-0.001480711,-0.053725797,0.000282974,9.91E-06,-0.009211287,9.91E-06,0.006685717,0.000500963,0.000500963,0,0.005630089,0.002401167,9.91E-06,-0.142025335,0.99627542,-0.022242236,0.005795981,0.002401167,0.01688381,0,-0.177072582,0.015908159,0.830678711,0,0.02617064,0,-0.022270086,-0.049924939,-0.061670171,0.012149904,-0.091718502,0.00715233,0.017546886,-0.191560764,-0.187242295,-0.071254045,-0.187242295,-0.144356867,-0.035683928,-0.191866853,-0.103166537,-0.161989526,-0.134006846,-0.023407715,-0.161989526,-0.141406933,-0.048136571,0.001568128,-0.066771655,-0.066771655,0.001534836,-0.083054228,-0.144589225,0.030986524,-0.044319015,0.030986524,-0.15664128,0.026942945,-0.01803295,0.512528492,0.836896067,0.176918617,0.512528492,2.77E-05,0.003950736,-0.0004879,-0.017730232,-0.012356215,0.007196857,0.152983035,-0.181302527,-0.061474613,-0.059935471,-0.098794989,-0.012254388,-0.243035544,-0.048079489,-0.07093813,-0.159255145,-0.103884581,-0.093716716,0.02176619,-0.200568372,0.280146564,0.008997091,-0.041202506,0.003237326,0.077091092,-0.006123347,-0.050315909,-0.03713817,0.047071055,-0.162404806,-0.06057848,-0.096880443,0
16,0,-0.010313192,0,0,-0.00841399,0,0,-0.002901897,1,-0.002901897,0.003318079,-0.001007329,0,1,0.003318079,1,-0.015232556,-0.008668549,0,-0.006998104,-0.001366353,-0.004707377,-0.00315297,0.016225366,-0.000732569,0,-0.017224163,-0.004869285,-0.004068837,0.980791116,0,-0.001429954,-0.001249913,0,-0.001429954,-0.002207037,0,0,0,-0.003420012,-0.001429954,-0.002207037,-0.002670305,-0.002207037,0.00916086,-0.00058269,0,-0.002207037,-0.000292927,-0.000292927,-0.002207037,-0.002583745,-0.000483947,-0.002288578,0.004424569,-0.002713119,-0.069989833,-0.001837033,-0.069989833,-0.001451058,-0.002028458,-0.002028458,0,-0.001429954,0.669307472,-0.069989833,-0.011005055,0.003909638,0.00268438,-0.002207037,0.669307472,-0.000843549,0,-0.007763609,-0.000735029,0.01919498,0,0.012656331,0,-0.001954871,-0.003251746,0.001578392,0.015840101,-0.000217225,-0.00058269,-0.001458451,-0.001074267,0.004635961,0.029806263,0.004635961,-0.005949792,-0.001987652,-0.008387827,0.024032744,0.017453204,-0.005463922,-0.00339316,0.017453204,0.109844059,-0.003847295,-0.000483947,-0.001324935,-0.001324935,-0.000955834,-0.003254599,-0.005257557,-0.002083653,-0.00255184,-0.002083653,-0.009992444,-0.000308727,-0.002399549,0.025335741,0.00562817,0.134744934,0.025335741,-0.000301337,0.025068106,-0.001007329,-0.000233133,0.107624613,0.00227875,-0.011016569,0.010049345,0.107701361,0.776509065,0.063787128,0.004603188,0.02462512,0.015608539,-0.004375608,-0.007313292,0.031786262,0.028683503,-0.002721933,-0.004086712,-0.052776693,0.02513657,0.048150721,0.195359476,0.104459368,0.195050009,0.052767326,0.055659879,0.092787195,0.015180134,0.033829045,0.086940663,0
17,0,0.685639421,0,0,0.537969857,0,0,0.15669638,-0.015232556,0.15669638,-0.186848255,-0.002065208,0,-0.015232556,-0.186848255,-0.015232556,1,0.944982448,0,0.820387224,0.312011633,0.956457661,-0.174823425,0.697413959,0.35665965,0,0.828251337,0.336987654,0.236247165,0.132949162,0,0.278522921,0.043864516,0,0.278522921,-0.039928861,0,0,0,0.232373905,0.278522921,-0.039928861,0.630687169,-0.039928861,-0.508457764,0.084364249,0,-0.039928861,0.645065166,0.645065166,-0.039928861,0.610547535,0.074178164,0.410704704,0.625040922,0.424217933,0.009963873,-0.067342241,0.009963873,0.273143893,0.478722338,0.478722338,0,0.278522921,-0.003568113,0.009963873,0.803315075,-0.161597094,0.201470306,-0.039928861,-0.003568113,0.43487437,0,0.81792104,0.099946936,-0.156689309,0,0.761537553,0,-0.046886778,0.616596032,0.564954493,0.566726458,0.653621882,0.084364249,0.433938663,0.959614003,0.925277341,0.213901356,0.925277341,0.728765274,0.243332917,0.893257441,0.846129689,0.938643748,0.870017623,0.152241369,0.938643748,0.885302836,0.655354509,0.074178164,0.584333696,0.584333696,0.184130193,0.692069069,0.869668283,0.371375349,0.364241702,0.371375349,0.944678865,0.488744413,0.122981649,0.00588155,0.27315574,0.557360131,0.00588155,0.052199966,0.108283961,-0.002065208,0.133998112,0.823393927,0.29094334,0.866555575,0.929000574,0.870814926,0.486751938,0.788680811,0.566122902,0.781379196,0.592496349,0.843194051,0.855769103,0.716318574,0.702302133,0.41330734,0.879705015,0.412440607,0.473342293,0.741429779,0.807146478,0.665691185,0.814848226,0.77821758,0.399671052,0.77492719,0.863876604,0.129470307,0.845485257,0
18,0,0.674309175,0,0,0.489600415,0,0,0.087296911,-0.008668549,0.087296911,-0.251635524,0.038962908,0,-0.008668549,-0.251635524,-0.008668549,0.944982448,1,0,0.928115046,0.432790698,0.990463791,-0.134364945,0.684081863,0.451145609,0,0.789696729,0.242588518,0.195620723,0.136112688,0,0.01641342,0.082862923,0,0.01641342,-0.01798943,0,0,0,0.301292124,0.01641342,-0.01798943,0.728525336,-0.01798943,-0.548232896,0.182444719,0,-0.01798943,0.552311019,0.552311019,-0.01798943,0.702415414,0.181025094,0.534707824,0.724570584,0.324383044,0.000280379,-0.025736419,0.000280379,0.010853292,0.600285941,0.600285941,0,0.01641342,-0.00604498,0.000280379,0.741992304,-0.215311734,0.302722749,-0.01798943,-0.00604498,0.563168256,0,0.82730509,0.183686101,-0.177989606,0,0.725233884,0,0.020601923,0.709768834,0.460869454,0.503987499,0.563921941,0.182444719,0.561556517,0.947247824,0.936643511,0.249158397,0.936643511,0.85478544,0.353399273,0.8908931,0.862641629,0.95471577,0.837633935,0.198795106,0.95471577,0.829195668,0.711483455,0.181025094,0.47862386,0.47862386,0.251166727,0.793278202,0.847978112,0.280099565,0.451600518,0.280099565,0.947881265,0.610871336,0.227041557,0.058888627,0.203385193,0.644213483,0.058888627,0.075814092,0.21431499,0.038962908,0.176678681,0.86015058,0.334506688,0.843871182,0.928080759,0.90533524,0.438336179,0.704345856,0.351342419,0.778568284,0.401577129,0.701055518,0.921115193,0.487153865,0.51370616,0.34758543,0.961910495,0.367395885,0.598824373,0.825287766,0.789257185,0.767376601,0.798083139,0.852756492,0.431703738,0.832620739,0.948821462,0.144636554,0.871786801,0
19,0,0,0,0,0,0,0,0,0,0,0,0,0,0,0,0,0,0,0,0,0,0,0,0,0,0,0,0,0,0,0,0,0,0,0,0,0,0,0,0,0,0,0,0,0,0,0,0,0,0,0,0,0,0,0,0,0,0,0,0,0,0,0,0,0,0,0,0,0,0,0,0,0,0,0,0,0,0,0,0,0,0,0,0,0,0,0,0,0,0,0,0,0,0,0,0,0,0,0,0,0,0,0,0,0,0,0,0,0,0,0,0,0,0,0,0,0,0,0,0,0,0,0,0,0,0,0,0,0,0,0,0,0,0,0,0,0,0,0,0,0,0,0,0,0,0,0,0,0
20,0,0.500763341,0,0,0.364830005,0,0,0.066923194,-0.006998104,0.066923194,-0.182802874,-0.057345585,0,-0.006998104,-0.182802874,-0.006998104,0.820387224,0.928115046,0,1,0.423580022,0.884197982,-0.207080915,0.508896065,0.498472056,0,0.613567033,0.127725902,0.053811395,0.105379749,0,-0.012805633,-0.011104079,0,-0.012805633,0.072245102,0,0,0,0.400377183,-0.012805633,0.072245102,0.75021154,0.072245102,-0.402136742,0.463310069,0,0.072245102,0.456706323,0.456706323,0.072245102,0.739212988,0.464197114,0.534844451,0.758235329,0.205938219,0.000349556,-0.11499691,0.000349556,-0.01785063,0.661695688,0.661695688,0,-0.012805633,-0.004788336,0.000349556,0.670964392,-0.142255104,0.560341237,0.072245102,-0.004788336,0.628795114,0,0.827170135,0.459387655,-0.074899671,0,0.655899591,0,-0.033757212,0.747102996,0.342866015,0.419189347,0.459028203,0.463310069,0.62991228,0.822514024,0.876562626,0.120465524,0.876562626,0.986552694,0.614923133,0.82518732,0.868913887,0.894832456,0.826824976,0.304777701,0.894832456,0.793480958,0.731940954,0.464197114,0.358671193,0.358671193,0.507526484,0.819057831,0.850498702,0.170141683,0.385790905,0.170141683,0.894215888,0.67711806,0.488479118,0.220611493,0.175721969,0.674363956,0.220611493,0.16238745,0.48793465,-0.057345585,0.089194741,0.844415468,0.23671693,0.783335994,0.870363511,0.813096792,0.352064534,0.565760795,0.263690652,0.627113992,0.362173958,0.632146324,0.850985666,0.396581677,0.502666307,0.304873003,0.933115137,0.263419251,0.662230327,0.8372486,0.718612139,0.785845739,0.728302999,0.854595864,0.494656115,0.820435669,0.921263615,0.188739062,0.851343694,0
21,0,-0.055349689,0,0,-0.037680261,0,0,-0.002921624,-0.001366353,-0.002921624,0.042195953,0.663398839,0,-0.001366353,0.042195953,-0.001366353,0.312011633,0.432790698,0,0.423580022,1,0.442708923,0.471978785,-0.031180652,0.905500673,0,0.03928727,0.029656462,0.439984778,0.023215778,0,-0.020447119,0.666061657,0,-0.020447119,-0.028238671,0,0,0,0.305156991,-0.020447119,-0.028238671,0.743980347,-0.028238671,0.079002939,-0.015629774,0,-0.028238671,-0.06002464,-0.06002464,-0.028238671,0.686558894,-0.002356115,0.983390027,0.682260406,-0.026971188,-0.000927341,0.603933891,-0.000927341,-0.022775194,0.737061633,0.737061633,0,-0.020447119,-0.001676432,-0.000927341,0.065435646,0.123499614,0.07537095,-0.028238671,-0.001676432,0.769775241,0,0.114147116,-0.036449874,0.473333838,0,0.374110207,0,0.661259772,0.687961428,-0.133631066,0.19409492,-0.084498016,-0.015629774,0.747936637,0.551785871,0.348848979,0.681437617,0.348848979,0.400472691,0.064029737,0.278069284,0.348246098,0.479258071,0.297708575,0.118999657,0.479258071,0.124479949,0.74688882,-0.002356115,-0.136479278,-0.136479278,-0.039153793,0.728544439,0.284741011,0.044848463,0.932443994,0.044848463,0.347072345,0.752820843,0.065169974,0.589093935,0.060564005,0.866891801,0.589093935,0.024731155,0.038228904,0.663398839,0.699367316,0.673537191,0.801570671,0.643939751,0.283985212,0.699594826,0.022848954,0.037781464,0.330681112,0.041648637,0.279697186,0.352536717,0.534995079,0.088398818,0.079952762,0.054641094,0.631250839,0.221947144,0.74636663,0.666415013,0.398223661,0.804025766,0.393070589,0.648561624,0.199494013,0.784622172,0.622060173,-0.003771135,0.529113709,0
22,0,0.729481819,0,0,0.539091495,0,0,0.110400297,-0.004707377,0.110400297,-0.256125311,0.126456303,0,-0.004707377,-0.256125311,-0.004707377,0.956457661,0.990463791,0,0.884197982,0.442708923,1,-0.033051046,0.7423163,0.424210345,0,0.840306215,0.237914554,0.247596826,0.152979381,0,0.064411367,0.169988288,0,0.064411367,-0.019590717,0,0,0,0.273811314,0.064411367,-0.019590717,0.686487502,-0.019590717,-0.581788388,0.135107592,0,-0.019590717,0.532182571,0.532182571,-0.019590717,0.648519245,0.135340315,0.530516473,0.669423471,0.313115936,-0.000832913,0.068666579,-0.000832913,0.058997754,0.538954487,0.538954487,0,0.064411367,-0.004016438,-0.000832913,0.721884923,-0.222258234,0.26181955,-0.019590717,-0.004016438,0.503248271,0,0.798487964,0.134004636,-0.190159759,0,0.686114022,0,0.108674712,0.656836432,0.437684398,0.471060395,0.540060801,0.135107592,0.4980262,0.961906924,0.919233351,0.343768643,0.919233351,0.7977511,0.303492768,0.883966202,0.82227634,0.929959226,0.817223598,0.186243863,0.929959226,0.819607128,0.694775716,0.135340315,0.455424898,0.455424898,0.20178929,0.750445403,0.828698871,0.270080856,0.501121702,0.270080856,0.935766683,0.546856772,0.194208474,0.060817186,0.222293358,0.615673847,0.060817186,0.073351614,0.172118224,0.126456303,0.257876607,0.858225271,0.400056839,0.843905615,0.900960944,0.910745664,0.436269628,0.696453924,0.414937404,0.825656206,0.433434193,0.701224672,0.915433039,0.53014713,0.539596406,0.328745395,0.956692589,0.42156066,0.536479529,0.773884872,0.767140157,0.73206352,0.775328899,0.805341059,0.423099904,0.825055119,0.921396913,0.159601636,0.848469838,0
23,0,0.08265219,0,0,0.060255282,0,0,0.011112197,-0.00315297,0.011112197,-0.023563839,0.919485364,0,-0.00315297,-0.023563839,-0.00315297,-0.174823425,-0.134364945,0,-0.207080915,0.471978785,-0.033051046,1,0.108083945,0.14052561,0,0.030667884,-0.222600549,0.42393568,0.040513478,0,0.027922093,0.91000635,0,0.027922093,0.002780729,0,0,0,-0.098299743,0.027922093,0.002780729,-0.131953409,0.002780729,-0.054579247,0.002313156,0,0.002780729,-0.438016415,-0.438016415,0.002780729,-0.236988642,0.029618989,0.3341784,-0.243906367,-0.327710439,0.006934862,0.967657179,0.006934862,0.029717375,-0.193385737,-0.193385737,0,0.027922093,0.0028905,0.006934862,-0.401805468,-0.005327138,0.041895739,0.002780729,0.0028905,-0.147287405,0,-0.305924648,-0.040704656,0.161789691,0,-0.417776397,0,0.971400138,-0.226938574,-0.508590963,-0.401833917,-0.48971607,0.002313156,-0.182246627,-0.012365697,-0.225749461,0.889764854,-0.225749461,-0.229684625,-0.035809171,-0.165326599,-0.327035802,-0.263463585,-0.244176266,-0.030685497,-0.263463585,-0.279241316,0.04044969,0.029618989,-0.519045949,-0.519045949,-0.087564687,-0.141897005,-0.22239769,-0.262270245,0.683416602,-0.262270245,-0.193679901,-0.19711858,0.055814416,0.44950992,-0.033622252,0.048533061,0.44950992,-0.004629591,0.055963527,0.919485364,0.869306763,0.086233037,0.736641451,-0.040346735,-0.343505863,0.042373993,-0.25096115,-0.393796354,0.224451244,0.06233918,-0.019406879,-0.260986398,-0.079107229,-0.075115952,-0.085411302,-0.243272804,0.049418393,0.287964038,-0.188653158,-0.259489565,-0.269008408,-0.049037729,-0.278397468,-0.256302512,-0.066991553,0.096899737,-0.139822391,0.057227057,-0.150459442,0
24,0,0.998326302,0,0,0.816038895,0,0,0.283541194,0.016225366,0.283541194,-0.227002764,0.03485311,0,0.016225366,-0.227002764,0.016225366,0.697413959,0.684081863,0,0.508896065,-0.031180652,0.7423163,0.108083945,1,-0.113572685,0,0.971236032,-0.078981065,-0.033658668,0.20329789,0,0.006338565,0.066089217,0,0.006338565,0.01241576,0,0,0,0.060023234,0.006338565,0.01241576,0.184570629,0.01241576,-0.720531669,-0.018324554,0,0.01241576,0.230756036,0.230756036,0.01241576,0.135795624,-0.003451837,0.021334974,0.15250878,0.006136875,-0.003911573,0.063180097,-0.003911573,0.003103695,-0.002834142,-0.002834142,0,0.006338565,0.008792189,-0.003911573,0.395799839,-0.244445135,0.073027509,0.01241576,0.008792189,-0.046444811,0,0.487372019,-0.041648394,-0.490089425,0,0.157996754,0,0.108337797,0.143895099,0.168577614,2.10E-05,0.251774964,-0.018324554,-0.052567264,0.595124772,0.530639627,0.267488463,0.530639627,0.409082946,0.100572279,0.546126231,0.342195225,0.484200995,0.384626725,0.094616421,0.484200995,0.526627159,0.155077731,-0.003451837,0.189976533,0.189976533,-0.001514301,0.240402267,0.423198387,-0.071491084,0.155866419,-0.071491084,0.576063901,-0.030758175,0.073153425,-0.268987113,0.332107047,0.058317351,-0.268987113,0.062707728,0.014243698,0.03485311,0.101503857,0.383975598,0.110531362,0.402594372,0.512680747,0.485580052,0.278380107,0.421979499,0.199308258,0.988853879,0.204424109,0.294595764,0.65694554,0.347464665,0.315978246,-0.041022452,0.572681391,0.494870965,-0.015743842,0.217543584,0.297469843,0.196085467,0.309236533,0.254801329,0.259105102,0.317335125,0.484336204,0.232269169,0.335896101,0
25,0,-0.126204204,0,0,0.050689572,0,0,0.224511909,-0.000732569,0.224511909,0.310226063,0.356409328,0,-0.000732569,0.310226063,-0.000732569,0.35665965,0.451145609,0,0.498472056,0.905500673,0.424210345,0.14052561,-0.113572685,1,0,-0.027607923,0.05164084,0.261552226,-0.001850455,0,0.017588181,0.360484933,0,0.017588181,-0.033245386,0,0,0,0.363659983,0.017588181,-0.033245386,0.845823396,-0.033245386,0.309404281,0.011522943,0,-0.033245386,0.027691678,0.027691678,-0.033245386,0.833211616,0.016829778,0.931476486,0.818819115,0.025070157,0.01488127,0.281774234,0.01488127,0.014768735,0.872518446,0.872518446,0,0.017588181,0.010555247,0.01488127,0.148720547,0.389531641,0.086190688,-0.033245386,0.010555247,0.894079994,0,0.174378464,0.003102159,0.652845359,0,0.525247901,0,0.356695113,0.823276366,-0.027299602,0.301203131,0.017307258,0.011522943,0.883168501,0.544160753,0.393294216,0.374864155,0.393294216,0.496814936,0.099603341,0.290362632,0.449625282,0.56465849,0.363570778,0.132119438,0.56465849,0.192553379,0.765231817,0.016829778,-0.026057749,-0.026057749,0.009847928,0.825093925,0.34229882,0.083290873,0.730272825,0.083290873,0.395840472,0.892055556,0.065974013,0.600277364,0.301188965,0.958513619,0.600277364,0.024543763,0.048965144,0.356409328,0.408686403,0.682273253,0.566385672,0.74799455,0.369808635,0.711424324,0.073990021,0.118039786,0.299016513,-0.022682569,0.342937832,0.4720016,0.58244258,0.12055565,0.121616692,0.094283716,0.614859815,0.220643317,0.880930587,0.796057644,0.492448219,0.901130582,0.488800311,0.770948888,0.223545105,0.815936943,0.681797214,-0.040528729,0.578249604,0
26,0,0,0,0,0,0,0,0,0,0,0,0,0,0,0,0,0,0,0,0,0,0,0,0,0,0,0,0,0,0,0,0,0,0,0,0,0,0,0,0,0,0,0,0,0,0,0,0,0,0,0,0,0,0,0,0,0,0,0,0,0,0,0,0,0,0,0,0,0,0,0,0,0,0,0,0,0,0,0,0,0,0,0,0,0,0,0,0,0,0,0,0,0,0,0,0,0,0,0,0,0,0,0,0,0,0,0,0,0,0,0,0,0,0,0,0,0,0,0,0,0,0,0,0,0,0,0,0,0,0,0,0,0,0,0,0,0,0,0,0,0,0,0,0,0,0,0,0,0
27,0,0.966455786,0,0,0.739703468,0,0,0.189394712,-0.017224163,0.189394712,-0.304590635,0.010685723,0,-0.017224163,-0.304590635,-0.017224163,0.828251337,0.789696729,0,0.613567033,0.03928727,0.840306215,0.030667884,0.971236032,-0.027607923,0,1,0.015121952,0.01741021,0.170586549,0,0.143068344,0.048174584,0,0.143068344,-0.017947007,0,0,0,0.092428216,0.143068344,-0.017947007,0.310640189,-0.017947007,-0.755989333,0.002782028,0,-0.017947007,0.352146897,0.352146897,-0.017947007,0.264924898,0.01129893,0.111336968,0.28262322,0.108576146,0.034839778,0.018437893,0.034839778,0.139113339,0.117991914,0.117991914,0,0.143068344,0.013522942,0.034839778,0.52538259,-0.31203486,0.105316786,-0.017947007,0.013522942,0.070521938,0,0.598854151,-0.010646794,-0.488049831,0,0.317082159,0,0.063150295,0.276227688,0.280654912,0.140490981,0.370748242,0.002782028,0.065559518,0.730046137,0.661835131,0.25366709,0.661835131,0.508628694,0.13775748,0.66546149,0.488489095,0.633139663,0.540458817,0.097082702,0.633139663,0.654347939,0.285881427,0.01129893,0.303730126,0.303730126,0.044995938,0.369890582,0.569254505,0.030481775,0.204401197,0.030481775,0.70386121,0.094912113,0.074553718,-0.256953755,0.261089704,0.166079316,-0.256953755,0.045380142,0.032154423,0.010685723,0.099253136,0.505093435,0.144392797,0.533956815,0.651393368,0.59877581,0.325847462,0.536162227,0.353313469,0.985709928,0.371818887,0.490498117,0.742929215,0.512757818,0.479035268,0.06521069,0.680854965,0.490056664,0.103981293,0.356734309,0.428474864,0.30658771,0.440310999,0.395642596,0.289598673,0.435513399,0.60567513,0.201367818,0.478477982,0
28,0,-0.092509507,0,0,-0.070256098,0,0,-0.017200562,-0.004869285,-0.017200562,0.032661582,0.116786827,0,-0.004869285,0.032661582,-0.004869285,0.336987654,0.242588518,0,0.127725902,0.029656462,0.237914554,-0.222600549,-0.078981065,0.05164084,0,0.015121952,1,0.778703287,-0.003477232,0,-0.019816829,0.140609733,0,-0.019816829,0.000112469,0,0,0,-0.025321682,-0.019816829,0.000112469,-0.043278833,0.000112469,0.077635693,-0.004553419,0,0.000112469,0.892027524,0.892027524,0.000112469,-0.024844225,-0.049716605,0.01344641,-0.004666915,0.989057312,0.000523034,-0.009116216,0.000523034,-0.02202444,-0.063541089,-0.063541089,0,-0.019816829,-0.003123319,0.000523034,0.751871468,0.036629118,0.029406518,0.000112469,-0.003123319,-0.073497807,0,0.570086928,0.066600965,0.162935401,0,0.72074884,0,-0.2156917,-0.034069289,0.907220871,0.92063514,0.872876133,-0.004553419,-0.067412648,0.363355408,0.538747786,0.104648947,0.538747786,0.071550717,0.022526068,0.598042561,0.58733606,0.382831488,0.600292051,0.045908374,0.382831488,0.564802173,0.321200417,-0.049716605,0.894824537,0.894824537,0.151786962,0.013518522,0.558990574,0.998172559,0.103481064,0.998172559,0.476326868,0.016555961,-0.027552374,0.15781424,0.022129709,0.130119912,0.15781424,0.041837911,-0.014882667,0.116786827,0.196923588,0.400554028,0.32101079,0.328352929,0.530796791,0.320675572,0.501598594,0.80011089,0.205984569,-0.025430804,-0.017306661,0.338797185,-0.058557208,0.327831138,0.330178386,0.965397948,0.179025271,0.082392758,-0.043895354,0.230212263,0.705604788,0.135659779,0.695746375,0.28136914,0.194789091,0.294724967,0.162151972,-0.000672349,0.56617115,0
29,0,-0.063455529,0,0,-0.052212196,0,0,-0.018603215,-0.004068837,-0.018603215,0.022715826,0.714041417,0,-0.004068837,0.022715826,-0.004068837,0.236247165,0.195620723,0,0.053811395,0.439984778,0.247596826,0.42393568,-0.033658668,0.261552226,0,0.01741021,0.778703287,1,0.021542358,0,-0.016601711,0.729739517,0,-0.016601711,-0.00198746,0,0,0,-0.031559701,-0.016601711,-0.00198746,-0.003560999,-0.00198746,0.061321919,-0.007144533,0,-0.00198746,0.542288222,0.542288222,-0.00198746,-0.05311202,-0.030595485,0.345546925,-0.039379284,0.700416667,-0.000626831,0.618289284,-0.000626831,-0.017878091,-0.052654587,-0.052654587,0,-0.016601711,-0.00340228,-0.000626831,0.452372336,0.04899729,0.057245544,-0.00198746,-0.00340228,-0.030192936,0,0.348548046,0.029828385,0.312004431,0,0.466599025,0,0.442664138,-0.055748327,0.507534808,0.631216028,0.492826106,-0.007144533,-0.047235628,0.389058507,0.399653997,0.684924928,0.399653997,-0.010867278,0.006107266,0.475138796,0.389956206,0.259106483,0.437304734,0.040905737,0.259106483,0.357463471,0.418872924,-0.030595485,0.489687688,0.489687688,0.078772528,0.038501784,0.409833433,0.757175392,0.609343368,0.757175392,0.359510349,0.019940405,0.01362347,0.480710417,0.000292211,0.272218708,0.480710417,0.038122131,0.021053467,0.714041417,0.761811658,0.499304395,0.814688224,0.35752164,0.317677006,0.406768758,0.310229033,0.496085956,0.345330617,-0.000146044,0.002435819,0.19969059,-0.028055417,0.249905525,0.24564648,0.738576348,0.27194994,0.252273769,-0.030592314,0.158993813,0.53728367,0.211923932,0.522294782,0.203113194,0.162913493,0.428678381,0.152754002,0.027100311,0.496615313,0
30,0,0.174316677,0,0,0.134047317,0,0,0.035225432,0.980791116,0.035225432,-0.052636492,0.0379816,0,0.980791116,-0.052636492,0.980791116,0.132949162,0.136112688,0,0.105379749,0.023215778,0.152979381,0.040513478,0.20329789,-0.001850455,0,0.170586549,-0.003477232,0.021542358,1,0,0.018775073,0.044860252,0,0.018775073,0.027912511,0,0,0,0.038771991,0.018775073,0.027912511,0.049916884,0.027912511,-0.133397086,0.004400861,0,0.027912511,0.054801605,0.054801605,0.027912511,0.037428194,0.007074494,0.031036856,0.047750707,0.011833514,-0.076495203,0.039671633,-0.076495203,0.018068782,0.010669022,0.010669022,0,0.018775073,0.650604199,-0.076495203,0.082653205,-0.052910189,0.02878099,0.027912511,0.650604199,0.00387787,0,0.098211065,0.000166046,-0.06488568,0,0.059323445,0,0.046590522,0.039196539,0.040392128,0.031971238,0.056178838,0.004400861,0.001060466,0.135955282,0.12371255,0.113595784,0.12371255,0.087144709,0.027593038,0.114756835,0.108613325,0.12691103,0.09147585,0.046619512,0.12691103,0.225390803,0.065251123,0.007074494,0.041205984,0.041205984,0.008872716,0.061096218,0.099798011,0.000462069,0.063635367,0.000462069,0.117416345,0.008240836,0.038209434,-0.002347989,0.055395954,0.165321916,-0.002347989,0.041513121,0.037471837,0.0379816,0.054127163,0.207090696,0.060186822,0.086848215,0.122061837,0.222940391,0.819839411,0.154812352,0.074166244,0.213297193,0.078176058,0.07524496,0.128660382,0.122547249,0.114407185,0.008341016,0.128104189,0.042795702,0.034727743,0.106303041,0.267834463,0.159390955,0.269867112,0.119083391,0.137610068,0.17874776,0.124452244,0.105875317,0.176169784,0
31,0,0,0,0,0,0,0,0,0,0,0,0,0,0,0,0,0,0,0,0,0,0,0,0,0,0,0,0,0,0,0,0,0,0,0,0,0,0,0,0,0,0,0,0,0,0,0,0,0,0,0,0,0,0,0,0,0,0,0,0,0,0,0,0,0,0,0,0,0,0,0,0,0,0,0,0,0,0,0,0,0,0,0,0,0,0,0,0,0,0,0,0,0,0,0,0,0,0,0,0,0,0,0,0,0,0,0,0,0,0,0,0,0,0,0,0,0,0,0,0,0,0,0,0,0,0,0,0,0,0,0,0,0,0,0,0,0,0,0,0,0,0,0,0,0,0,0,0,0
